0.0044999998062849045
0.020500000566244125
0.042500000447034836
0.08100000023841858
0.07000000029802322
0.10249999910593033
0.12349999696016312
0.1420000046491623
0.16050000488758087
0.16949999332427979
0.1745000034570694
0.18199999630451202
0.18649999797344208
0.1875
0.1899999976158142
0.18950000405311584
0.18950000405311584
0.1914999932050705
0.1940000057220459
0.19599999487400055
0.19349999725818634
0.19349999725818634
0.1940000057220459
0.19499999284744263
0.19699999690055847
0.1965000033378601
0.19449999928474426
0.19599999487400055
0.1965000033378601
0.19699999690055847
0.1965000033378601
0.1979999989271164
0.19750000536441803
0.19699999690055847
0.1979999989271164
0.19850000739097595
0.20000000298023224
0.20100000500679016
0.20000000298023224
0.20000000298023224
0.20149999856948853
0.20149999856948853
0.20200000703334808
0.2029999941587448
0.2029999941587448
0.2029999941587448
0.2029999941587448
0.2029999941587448
0.20350000262260437
0.20350000262260437
