16.25579833984375
12.55567455291748
10.428279876708984
7.709770679473877
7.951857089996338
6.5584025382995605
5.6622538566589355
5.160418510437012
4.874214172363281
4.702930927276611
4.595716953277588
4.52798318862915
4.487951755523682
4.462071895599365
4.445446491241455
4.432563781738281
4.423637390136719
4.418533802032471
4.415346145629883
4.412190914154053
4.411600112915039
4.409602642059326
4.408594131469727
4.407293796539307
4.406135559082031
4.405148506164551
4.403864860534668
4.4025421142578125
4.401057243347168
4.398960113525391
4.397243022918701
4.395564079284668
4.393366813659668
4.391304016113281
4.389359474182129
4.38638973236084
4.383855819702148
4.380827903747559
4.378754138946533
4.376481056213379
4.373987197875977
4.371506214141846
4.36936616897583
4.367839336395264
4.3659820556640625
4.363759994506836
4.362045764923096
4.3603620529174805
4.35882043838501
4.356514930725098
